Label the Swedish text according to how it describes the role of the father in the family.
Possible labels are:
-passive
-active_negative
-active_positive_caring
-active_positive_challenging
-active_positive_other
-not_applicable

Text: i båda fallen är modern genetisk mor till barnet .
Label: not_applicable

Text: i de fall socialnämnden inte tar sitt ansvar eller inte lyckas , måste det ändå finnas rätt för nära anhöriga , som mor- och farföräldrar , att hos tingsrätten föra talan om umgänge .
Label: not_applicable

Text: det finns en överrepresentation bland fäder med låg utbildning , låg inkomst och pappor med utländsk bakgrund .
Label: passive

Text: visserligen är det obalans i uttaget av föräldraförsäkringen , men samtidigt är det viktigt att slå fast att fler pappor i dag tar ut föräldraledighet än före införandet av mamma- och pappamånaden .
Label: active_positive_other

Text: om barnets föräldrar varken är gifta eller registrerade samman- boende vid barnets födelse är mamman ensam vårdnadshavare .
Label: passive

Text: bland dem fanns män , kvinnor och barn , unga och gamla , fäder och mödrar , söner och döttrar , makar och syskon .
Label: not_applicable

Text: lagutskottet har tidigare anfört att man anser att den nuvarande ordningen ger betryggande garantier för att det verkligen är den biologiske fadern och inte någon annan som fastställs som far till ett barn ( 0000/00 : lu0 ) .
Label: passive

Text: i isf : s rapport dubbeldagar – pappors väg in i föräldrapenningen dras slutsatsen att pappors uttag under barnets första levnadsår har ökat och att pappor som tidigare valt att ej ta ut föräldrapenning nu börjat ta ut dagar .
Label: active_positive_other

Text: som förutsättning för alt barnavårdsnämnden skall vara skyldig att utreda om annan än den äkta mannen kan vara fader uppställer förslaget - utom att bamet skall ha viss anknytning lill sverige - dels att utredningen skall ha begärts av vårdnadshavare för barnet , d , v , s , normalt modern , eller av den äkta mannen , dels att det skall finnas lämpligt .
Label: passive

Text: genom projektet `` läs för mig pappa '' , knutet till arbetsplatsbibliotek , uppmuntras fäder att både läsa själva och att läsa för sina barn .
Label: active_positive_challenging

Text: någon skyldighet att godkänna en utländsk dom om moderskap för barnets sociala eller genetiska mor , eller en utländsk dom om faderskap för en genetisk fars manliga partner , kan däremot inte utläsas av domstolens hittill- svarande praxis .
Label: passive

Text: här uppmanas pappor också att ta ett ansvar som läsande fäder .
Label: active_positive_challenging

Text: av barnens svar kan man utläsa att mammor generellt har mer tid för sina barn oavsett i vilken utsträckning de bor med mamma , medan för barnen kan det ge mer tid med pappa när föräldrarna separerar än när de bor ihop under förutsättning att de minst bor halva tiden med pappan .
Label: active_positive_other

Text: det är fullt möjligt att kommunicera kring varför för- äldraskapet så lätt upplevs som något som angår mamman mer än pappan , varför pappor kan känna sig som tillräckligt goda fäder trots ett mycket lågt uttag av föräldraledighet , varför mammor ofta tror att de är bättre på att läsa av barnet än vad pappor är , varför pappor uppfattas som hjältar när de gör samma sak som mammor gör av bara farten och tusen andra frågor som har att göra med för- äldraskapet som bekönad position .
Label: active_positive_caring

Text: då utmålas oftast pappan som hotfull , våldsam och som en dålig förälder .
Label: active_negative

Text: det vanliga är sedan att våldtäktsmannen -- om det inte var fadern eller en nära släkting som förövat dådet -- betalar flickans föräldrar för att de inte skall anmäla fallet till polisen .
Label: active_negative

Text: för att underlätta för framför allt fäder att öka sitt uttag av föräldrapen­ning föreslås att ersättningen utges med sjukpenningens belopp oberoende av den andre förälderns sjukpenning .
Label: active_positive_other

Text: ha föräldrar gemensamt barn i sin värd , utgår föräldrapenning över garanlinivån lill fadern endast under förutsättning att även modern är eller enligt vad förut sagts bort vara försäkrad för sjukpenning som överstiger garantinivån .
Label: passive

Text:  man kan samtidigt disku- tera om det är lämpligt att surrogatmodern och den tilltänkta fadern gemensamt blir rättsliga föräldrar till ett barn , och att det förhåll- andet kan bli bestående om surrogatmodern väljer att inte avsäga sig föräldraskapet . 
Label: 
Prompt n.6 was too long, so we removed words from it. Approx original length: 15637, approx new length: 5361
Error in generating prediction for prompt n.6: This model's maximum context length is 4097 tokens, however you requested 4646 tokens (4631 in your prompt; 15 for the completion). Please reduce your prompt; or completion length.
Selected default label: not_applicable
Processed 20 sentences
Processed 40 sentences
Processed 60 sentences
Processed 80 sentences
Processed 100 sentences
Processed 120 sentences
Processed 140 sentences
Processed 160 sentences
Processed 180 sentences
Processed 200 sentences
Processed 220 sentences
Prompt n.233 was too long, so we removed words from it. Approx original length: 4724, approx new length: 4724
Error in generating prediction for prompt n.233: This model's maximum context length is 4097 tokens, however you requested 4216 tokens (4201 in your prompt; 15 for the completion). Please reduce your prompt; or completion length.
Selected default label: not_applicable
Processed 240 sentences
Processed 260 sentences
Processed 280 sentences
Processed 300 sentences
Processed 320 sentences
Processed 340 sentences
Counter({'passive': 117, 'active_positive_other': 76, 'not_applicable': 52, 'active_negative': 41, 'active_positive_challenging': 34, 'active_positive_caring': 30})
Retrieving predictions...
Counter({'PASSIVE': 117, 'ACTIVE_POS_OTHER': 76, 'NA': 52, 'ACTIVE_NEG': 41, 'ACTIVE_POS_CHALLENGING': 34, 'ACTIVE_POS_CARING': 30})
                                              prompt        prediction    gold_gold_elin    gold_gold_lena   gold_gold_oscar     gold_gold_agg
0  Label the Swedish text according to how it des...                NA           PASSIVE           PASSIVE           PASSIVE           PASSIVE
1  Label the Swedish text according to how it des...                NA           PASSIVE               NaN               NaN               NaN
2  Label the Swedish text according to how it des...           PASSIVE  ACTIVE_POS_OTHER  ACTIVE_POS_OTHER           PASSIVE  ACTIVE_POS_OTHER
3  Label the Swedish text according to how it des...  ACTIVE_POS_OTHER  ACTIVE_POS_OTHER  ACTIVE_POS_OTHER  ACTIVE_POS_OTHER  ACTIVE_POS_OTHER
4  Label the Swedish text according to how it des...           PASSIVE           PASSIVE           PASSIVE           PASSIVE           PASSIVE
KAPPA:
         elin    lena   oscar     agg   model  mean_non_agg
elin   100.00   48.68   49.93   67.28   25.78         49.30
lena    48.68  100.00   53.37   75.09   30.04         51.02
oscar   49.93   53.37  100.00   78.19   29.92         51.65
agg     67.28   75.09   78.19  100.00   30.54         73.52
model   25.78   30.04   29.92   30.54  100.00         28.58

Annotators' mean kappa: 56.37
Model's mean kappa: 29.07
Diff in mean kappa: 27.30

ACCURACY:
         elin    lena   oscar     agg   model  mean_non_agg
elin   100.00   60.86   61.71   74.86   38.29         61.29
lena    60.86  100.00   66.86   81.71   45.14         63.86
oscar   61.71   66.86  100.00   84.00   44.86         64.29
agg     74.86   81.71   84.00  100.00   44.29         80.19
model   38.29   45.14   44.86   44.29  100.00         42.76

Annotators' mean accuracy: 67.40
Model's mean accuracy: 43.14
Diff in mean accuracy: 24.26

F1:
         elin    lena   oscar     agg   model  mean_non_agg
elin   100.00   57.28   57.15   68.85   29.85         57.22
lena    57.28  100.00   57.93   77.13   31.89         57.60
oscar   57.15   57.93  100.00   81.33   31.61         57.54
agg     68.85   77.13   81.33  100.00   31.88         75.77
model   29.85   31.89   31.61   31.88  100.00         31.12

Annotators' mean F1: 62.03
Model's mean F1: 31.31
Diff in mean F1: 30.73
Retrieving predictions...
Counter({'PASSIVE': 117, 'ACTIVE_POS_OTHER': 76, 'NA': 52, 'ACTIVE_NEG': 41, 'ACTIVE_POS_CHALLENGING': 34, 'ACTIVE_POS_CARING': 30})
Evaluating predicitons...
  prompt        prediction         gold_elin         gold_lena        gold_oscar          gold_agg
0   None                NA           PASSIVE           PASSIVE           PASSIVE           PASSIVE
1   None                NA           PASSIVE                NA                NA                NA
2   None           PASSIVE  ACTIVE_POS_OTHER  ACTIVE_POS_OTHER           PASSIVE  ACTIVE_POS_OTHER
3   None  ACTIVE_POS_OTHER  ACTIVE_POS_OTHER  ACTIVE_POS_OTHER  ACTIVE_POS_OTHER  ACTIVE_POS_OTHER
4   None           PASSIVE           PASSIVE           PASSIVE           PASSIVE           PASSIVE
KAPPA:
         elin    lena   oscar     agg   model  mean_non_agg
elin   100.00   48.68   49.93   67.28   33.95         49.30
lena    48.68  100.00   53.37   75.09   37.62         51.02
oscar   49.93   53.37  100.00   78.19   38.02         51.65
agg     67.28   75.09   78.19  100.00   39.47         73.52
model   33.95   37.62   38.02   39.47  100.00         36.53

Annotators' mean kappa: 56.37
Model's mean kappa: 37.26
Diff in mean kappa: 19.11

ACCURACY:
         elin    lena   oscar     agg   model  mean_non_agg
elin   100.00   60.86   61.71   74.86   47.71         61.29
lena    60.86  100.00   66.86   81.71   52.57         63.86
oscar   61.71   66.86  100.00   84.00   52.86         64.29
agg     74.86   81.71   84.00  100.00   53.14         80.19
model   47.71   52.57   52.86   53.14  100.00         51.05

Annotators' mean accuracy: 67.40
Model's mean accuracy: 51.57
Diff in mean accuracy: 15.83

F1:
         elin    lena   oscar     agg   model  mean_non_agg
elin   100.00   57.28   57.15   68.85   42.36         57.22
lena    57.28  100.00   57.93   77.13   45.23         57.60
oscar   57.15   57.93  100.00   81.33   45.06         57.54
agg     68.85   77.13   81.33  100.00   45.95         75.77
model   42.36   45.23   45.06   45.95  100.00         44.22

Annotators' mean F1: 62.03
Model's mean F1: 44.65
Diff in mean F1: 17.38
Retrieving predictions...
Counter({'PASSIVE': 117, 'ACTIVE_POS_OTHER': 76, 'NA': 52, 'ACTIVE_NEG': 41, 'ACTIVE_POS_CHALLENGING': 34, 'ACTIVE_POS_CARING': 30})
Evaluating predicitons...
  prompt        prediction         gold_elin         gold_lena        gold_oscar          gold_agg
0   None                NA           PASSIVE           PASSIVE           PASSIVE           PASSIVE
1   None                NA           PASSIVE                NA                NA                NA
2   None           PASSIVE  ACTIVE_POS_OTHER  ACTIVE_POS_OTHER           PASSIVE  ACTIVE_POS_OTHER
3   None  ACTIVE_POS_OTHER  ACTIVE_POS_OTHER  ACTIVE_POS_OTHER  ACTIVE_POS_OTHER  ACTIVE_POS_OTHER
4   None           PASSIVE           PASSIVE           PASSIVE           PASSIVE           PASSIVE
KAPPA:
         elin    lena   oscar     agg   model  mean_non_agg
elin   100.00   48.68   49.93   67.28   33.95         49.30
lena    48.68  100.00   53.37   75.09   37.62         51.02
oscar   49.93   53.37  100.00   78.19   38.02         51.65
agg     67.28   75.09   78.19  100.00   39.47         73.52
model   33.95   37.62   38.02   39.47  100.00         36.53

Annotators' mean kappa: 56.37
Model's mean kappa: 37.26
Diff in mean kappa: 19.11

ACCURACY:
         elin    lena   oscar     agg   model  mean_non_agg
elin   100.00   60.86   61.71   74.86   47.71         61.29
lena    60.86  100.00   66.86   81.71   52.57         63.86
oscar   61.71   66.86  100.00   84.00   52.86         64.29
agg     74.86   81.71   84.00  100.00   53.14         80.19
model   47.71   52.57   52.86   53.14  100.00         51.05

Annotators' mean accuracy: 67.40
Model's mean accuracy: 51.57
Diff in mean accuracy: 15.83

F1:
         elin    lena   oscar     agg   model  mean_non_agg
elin   100.00   57.28   57.15   68.85   42.36         57.22
lena    57.28  100.00   57.93   77.13   45.23         57.60
oscar   57.15   57.93  100.00   81.33   45.06         57.54
agg     68.85   77.13   81.33  100.00   45.95         75.77
model   42.36   45.23   45.06   45.95  100.00         44.22

Annotators' mean F1: 62.03
Model's mean F1: 44.65
Diff in mean F1: 17.38
Retrieving predictions...
Counter({'PASSIVE': 117, 'ACTIVE_POS_OTHER': 76, 'NA': 52, 'ACTIVE_NEG': 41, 'ACTIVE_POS_CHALLENGING': 34, 'ACTIVE_POS_CARING': 30})
Evaluating predicitons...
  prompt        prediction         gold_elin         gold_lena        gold_oscar          gold_agg
0   None                NA           PASSIVE           PASSIVE           PASSIVE           PASSIVE
1   None                NA           PASSIVE                NA                NA                NA
2   None           PASSIVE  ACTIVE_POS_OTHER  ACTIVE_POS_OTHER           PASSIVE  ACTIVE_POS_OTHER
3   None  ACTIVE_POS_OTHER  ACTIVE_POS_OTHER  ACTIVE_POS_OTHER  ACTIVE_POS_OTHER  ACTIVE_POS_OTHER
4   None           PASSIVE           PASSIVE           PASSIVE           PASSIVE           PASSIVE
KAPPA:
         elin    lena   oscar     agg   model  mean_non_agg
elin   100.00   48.68   49.93   67.28   33.95         49.30
lena    48.68  100.00   53.37   75.09   37.62         51.02
oscar   49.93   53.37  100.00   78.19   38.02         51.65
agg     67.28   75.09   78.19  100.00   39.47         73.52
model   33.95   37.62   38.02   39.47  100.00         36.53

Annotators' mean kappa: 56.37
Model's mean kappa: 37.26
Diff in mean kappa: 19.11

ACCURACY:
         elin    lena   oscar     agg   model  mean_non_agg
elin   100.00   60.86   61.71   74.86   47.71         61.29
lena    60.86  100.00   66.86   81.71   52.57         63.86
oscar   61.71   66.86  100.00   84.00   52.86         64.29
agg     74.86   81.71   84.00  100.00   53.14         80.19
model   47.71   52.57   52.86   53.14  100.00         51.05

Annotators' mean accuracy: 67.40
Model's mean accuracy: 51.57
Diff in mean accuracy: 15.83

F1:
         elin    lena   oscar     agg   model  mean_non_agg
elin   100.00   57.28   57.15   68.85   42.36         57.22
lena    57.28  100.00   57.93   77.13   45.23         57.60
oscar   57.15   57.93  100.00   81.33   45.06         57.54
agg     68.85   77.13   81.33  100.00   45.95         75.77
model   42.36   45.23   45.06   45.95  100.00         44.22

Annotators' mean F1: 62.03
Model's mean F1: 44.65
Diff in mean F1: 17.38

