Label the Swedish text according to how it describes the role of the father in the family.
Possible labels are: 
-passive: this is a category that captures what is sometimes called the classical role given toand taken by fathers, which in essence is a role that does not include engaging with the child in person. Word used in theory might be “custodial parenthood”, “provider”, “breadwinner”, “process parenthood”. This is a person who is important in the life of the child, but is not involved in the hands-on caring and upbringing. Society includes norms and sometimes creates clarifying policies around this father, for his sake, as well as for the sake of the child and the mother. Envisioned indicators might be words denoting the father being the moneymaker or provider, or someone who provides genes or sperm or overall protection or security.
-active_negative: this is a category that captures the negative roles of fathers, such as the oppressive father, the harsh and violent father, as well as neglecting father. Society needs to create policies around this father in order to restrict/stop him. Envisioned indicators are notions such as dangerous, punish (not educate or discipline in a non-aggressive way), aggressive, violent, oppressive, not paying child support.We also have three categories that capture the positive roles of fathers. Society needs to create policies around this father in order to encourage him. These categories are:
-active_positive_caring: this category focuses on what is stereotypically seen as the female parental role. Envisioned indicators would be words such as caring, warm, nurture, understanding, empathy, listening, comfort, confirming.
-active_positive_challenging: this category focuses on what is stereotypically seen as the male parental role. Envisioned indicators would be things like strengthening activity, risk-taking, daring, try your limits, sport, outgoing, education (including reading to child, which is one of the recurring activities in the data).
-active_positive_other: there are also other ways of being active as a father, and this category captures that. Most typically, this category indicates that the father is competent and reliable, and should be trusted with the child, but it does not single out why. Envisioned indicators are general references to competence, capability, responsibility, rights of and trust in fathers to handle information, take parental leave, get a parental allowance, be present in the life of the child, be an unspecified role model (“boys/girls need male role models”).
-not_applicable: not applicable.
Also, the sentences should be labeled as either:
-descriptive: if the sentence describes a state, like “we see that fathers are active”
-ideal: if the sentence is prescriptive, like “we wish for more active fathers”
Furthermore, these roles of father can be either implicit or explicit in the sentences, and should be labeled accordingly.

Text: i båda fallen är modern genetisk mor till barnet .
Label: not_applicable

Text: i de fall socialnämnden inte tar sitt ansvar eller inte lyckas , måste det ändå finnas rätt för nära anhöriga , som mor- och farföräldrar , att hos tingsrätten föra talan om umgänge .
Label: not_applicable

Text: det finns en överrepresentation bland fäder med låg utbildning , låg inkomst och pappor med utländsk bakgrund .
Label: passive, explicit, descriptive

Text: visserligen är det obalans i uttaget av föräldraförsäkringen , men samtidigt är det viktigt att slå fast att fler pappor i dag tar ut föräldraledighet än före införandet av mamma- och pappamånaden .
Label: active_positive_other, explicit, descriptive

Text: om barnets föräldrar varken är gifta eller registrerade samman- boende vid barnets födelse är mamman ensam vårdnadshavare .
Label: passive, implicit, descriptive

Text: bland dem fanns män , kvinnor och barn , unga och gamla , fäder och mödrar , söner och döttrar , makar och syskon .
Label: not_applicable

Text: lagutskottet har tidigare anfört att man anser att den nuvarande ordningen ger betryggande garantier för att det verkligen är den biologiske fadern och inte någon annan som fastställs som far till ett barn ( 0000/00 : lu0 ) .
Label: passive, explicit, descriptive

Text: i isf : s rapport dubbeldagar – pappors väg in i föräldrapenningen dras slutsatsen att pappors uttag under barnets första levnadsår har ökat och att pappor som tidigare valt att ej ta ut föräldrapenning nu börjat ta ut dagar .
Label: active_positive_other, explicit, descriptive

Text: som förutsättning för alt barnavårdsnämnden skall vara skyldig att utreda om annan än den äkta mannen kan vara fader uppställer förslaget - utom att bamet skall ha viss anknytning lill sverige - dels att utredningen skall ha begärts av vårdnadshavare för barnet , d , v , s , normalt modern , eller av den äkta mannen , dels att det skall finnas lämpligt .
Label: passive, explicit, descriptive

Text: genom projektet `` läs för mig pappa '' , knutet till arbetsplatsbibliotek , uppmuntras fäder att både läsa själva och att läsa för sina barn .
Label: active_positive_challenging, explicit, ideal

Text: någon skyldighet att godkänna en utländsk dom om moderskap för barnets sociala eller genetiska mor , eller en utländsk dom om faderskap för en genetisk fars manliga partner , kan däremot inte utläsas av domstolens hittill- svarande praxis .
Label: passive, explicit, descriptive

Text: här uppmanas pappor också att ta ett ansvar som läsande fäder .
Label: active_positive_challenging, explicit, ideal

Text: av barnens svar kan man utläsa att mammor generellt har mer tid för sina barn oavsett i vilken utsträckning de bor med mamma , medan för barnen kan det ge mer tid med pappa när föräldrarna separerar än när de bor ihop under förutsättning att de minst bor halva tiden med pappan .
Label: active_positive_other, implicit, ideal

Text: det är fullt möjligt att kommunicera kring varför för- äldraskapet så lätt upplevs som något som angår mamman mer än pappan , varför pappor kan känna sig som tillräckligt goda fäder trots ett mycket lågt uttag av föräldraledighet , varför mammor ofta tror att de är bättre på att läsa av barnet än vad pappor är , varför pappor uppfattas som hjältar när de gör samma sak som mammor gör av bara farten och tusen andra frågor som har att göra med för- äldraskapet som bekönad position .
Label: active_positive_caring, implicit, ideal

Text: då utmålas oftast pappan som hotfull , våldsam och som en dålig förälder .
Label: active_negative, explicit, descriptive

Text: det vanliga är sedan att våldtäktsmannen -- om det inte var fadern eller en nära släkting som förövat dådet -- betalar flickans föräldrar för att de inte skall anmäla fallet till polisen .
Label: active_negative, implicit, descriptive

Text: för att underlätta för framför allt fäder att öka sitt uttag av föräldrapen­ning föreslås att ersättningen utges med sjukpenningens belopp oberoende av den andre förälderns sjukpenning .
Label: active_positive_other, explicit, ideal

Text: ha föräldrar gemensamt barn i sin värd , utgår föräldrapenning över garanlinivån lill fadern endast under förutsättning att även modern är eller enligt vad förut sagts bort vara försäkrad för sjukpenning som överstiger garantinivån .
Label: passive, explicit, descriptive

Text:  man kan samtidigt disku- tera om det är lämpligt att surrogatmodern och den tilltänkta fadern gemensamt blir rättsliga föräldrar till ett barn , och att det förhåll- andet kan bli bestående om surrogatmodern väljer att inte avsäga sig föräldraskapet . 
Label: 
Prompt n.6 was too long, so we removed words from it. Approx original length: 17065, approx new length: 6187
Processed 20 sentences
Processed 40 sentences
Prompt n.58 was too long, so we removed words from it. Approx original length: 4493, approx new length: 4493
Processed 60 sentences
Processed 80 sentences
Processed 100 sentences
Processed 120 sentences
Processed 140 sentences
Processed 160 sentences
Processed 180 sentences
Prompt n.183 was too long, so we removed words from it. Approx original length: 4119, approx new length: 4119
Processed 200 sentences
Processed 220 sentences
Prompt n.233 was too long, so we removed words from it. Approx original length: 6152, approx new length: 6152
Error in generating prediction for prompt n.233: Rate limit reached for 10KTPM-200RPM in organization org-sr8LobBzG8F6tNrFwPI2dZsw on tokens per min. Limit: 10000 / min. Please try again in 6ms. Contact us through our help center at help.openai.com if you continue to have issues.
Selected default label "not_applicable" for prompt n.233.
Processed 240 sentences
Processed 260 sentences
Prompt n.271 was too long, so we removed words from it. Approx original length: 4721, approx new length: 4721
Error in generating prediction for prompt n.271: Rate limit reached for 10KTPM-200RPM in organization org-sr8LobBzG8F6tNrFwPI2dZsw on tokens per min. Limit: 10000 / min. Please try again in 6ms. Contact us through our help center at help.openai.com if you continue to have issues.
Selected default label "not_applicable" for prompt n.271.
Prompt n.275 was too long, so we removed words from it. Approx original length: 4287, approx new length: 4287
Processed 280 sentences
Processed 300 sentences
Processed 320 sentences
Prompt n.326 was too long, so we removed words from it. Approx original length: 4712, approx new length: 4712
Processed 340 sentences
Prompt n.346 was too long, so we removed words from it. Approx original length: 4290, approx new length: 4290
Counter({'passive, explicit, descriptive': 122, 'active_positive_other, explicit, descriptive': 57, 'not_applicable': 47, 'active_negative, explicit, descriptive': 27, 'active_positive_other, implicit, descriptive': 22, 'active_positive_other, explicit, ideal': 20, 'passive, implicit, descriptive': 17, 'active_negative, implicit, descriptive': 9, 'active_positive_caring, explicit, descriptive': 7, 'passive, explicit, ideal': 6, 'active_positive_caring, implicit, descriptive': 4, 'active_positive_other, implicit, ideal': 3, 'active_positive_challenging, explicit, ideal': 2, 'active_positive_caring, explicit, ideal': 2, 'active_negative, explicit, ideal': 2, 'active_positive_challenging, implicit, descriptive': 2, 'active_positive_caring, implicit, ideal': 1})
Retrieving predictions...
Counter({'PASSIVE': 145, 'ACTIVE_POS_OTHER': 102, 'NA': 47, 'ACTIVE_NEG': 38, 'ACTIVE_POS_CARING': 14, 'ACTIVE_POS_CHALLENGING': 4})
Evaluating predicitons...
                                              prompt  ...          gold_agg
0  Label the Swedish text according to how it des...  ...           PASSIVE
1  Label the Swedish text according to how it des...  ...                NA
2  Label the Swedish text according to how it des...  ...  ACTIVE_POS_OTHER
3  Label the Swedish text according to how it des...  ...  ACTIVE_POS_OTHER
4  Label the Swedish text according to how it des...  ...           PASSIVE

[5 rows x 6 columns]
KAPPA:
         elin    lena   oscar     agg   model  mean_non_agg
elin   100.00   48.68   49.93   67.28   51.04         49.30
lena    48.68  100.00   53.37   75.09   55.28         51.02
oscar   49.93   53.37  100.00   78.19   55.81         51.65
agg     67.28   75.09   78.19  100.00   59.61         73.52
model   51.04   55.28   55.81   59.61  100.00         54.05

Annotators' mean kappa: 56.37
Model's mean kappa: 55.44
Diff in mean kappa: 0.94

ACCURACY:
         elin    lena   oscar     agg   model  mean_non_agg
elin   100.00   60.86   61.71   74.86   62.86         61.29
lena    60.86  100.00   66.86   81.71   68.00         63.86
oscar   61.71   66.86  100.00   84.00   68.29         64.29
agg     74.86   81.71   84.00  100.00   70.29         80.19
model   62.86   68.00   68.29   70.29  100.00         66.38

Annotators' mean accuracy: 67.40
Model's mean accuracy: 67.36
Diff in mean accuracy: 0.05

F1:
         elin    lena   oscar     agg   model  mean_non_agg
elin   100.00   57.28   57.15   68.85   61.36         57.22
lena    57.28  100.00   57.93   77.13   58.88         57.60
oscar   57.15   57.93  100.00   81.33   64.85         57.54
agg     68.85   77.13   81.33  100.00   63.97         75.77
model   61.36   58.88   64.85   63.97  100.00         61.70

Annotators' mean F1: 62.03
Model's mean F1: 62.26
Diff in mean F1: -0.23

Retrieving predictions...
Counter({'PASSIVE': 145, 'ACTIVE_POS_OTHER': 102, 'NA': 47, 'ACTIVE_NEG': 38, 'ACTIVE_POS_CARING': 14, 'ACTIVE_POS_CHALLENGING': 4})
Evaluating predicitons...
  prompt        prediction  ...        gold_oscar          gold_agg
0   None           PASSIVE  ...           PASSIVE           PASSIVE
1   None           PASSIVE  ...                NA                NA
2   None           PASSIVE  ...           PASSIVE  ACTIVE_POS_OTHER
3   None  ACTIVE_POS_OTHER  ...  ACTIVE_POS_OTHER  ACTIVE_POS_OTHER
4   None           PASSIVE  ...           PASSIVE           PASSIVE

[5 rows x 6 columns]
KAPPA:
         elin    lena   oscar     agg   model  mean_non_agg
elin   100.00   48.68   49.93   67.28   51.04         49.30
lena    48.68  100.00   53.37   75.09   55.28         51.02
oscar   49.93   53.37  100.00   78.19   55.81         51.65
agg     67.28   75.09   78.19  100.00   59.61         73.52
model   51.04   55.28   55.81   59.61  100.00         54.05

Annotators' mean kappa: 56.37
Model's mean kappa: 55.44
Diff in mean kappa: 0.94

ACCURACY:
         elin    lena   oscar     agg   model  mean_non_agg
elin   100.00   60.86   61.71   74.86   62.86         61.29
lena    60.86  100.00   66.86   81.71   68.00         63.86
oscar   61.71   66.86  100.00   84.00   68.29         64.29
agg     74.86   81.71   84.00  100.00   70.29         80.19
model   62.86   68.00   68.29   70.29  100.00         66.38

Annotators' mean accuracy: 67.40
Model's mean accuracy: 67.36
Diff in mean accuracy: 0.05

F1:
         elin    lena   oscar     agg   model  mean_non_agg
elin   100.00   57.28   57.15   68.85   61.36         57.22
lena    57.28  100.00   57.93   77.13   58.88         57.60
oscar   57.15   57.93  100.00   81.33   64.85         57.54
agg     68.85   77.13   81.33  100.00   63.97         75.77
model   61.36   58.88   64.85   63.97  100.00         61.70

Annotators' mean F1: 62.03
Model's mean F1: 62.26
Diff in mean F1: -0.23

Retrieving predictions...
Counter({'EXPLICIT': 245, 'IMPLICIT': 58, 'NA': 47})
Evaluating predicitons...
  prompt prediction gold_elin gold_lena gold_oscar  gold_agg
0   None   EXPLICIT  EXPLICIT  EXPLICIT   EXPLICIT  EXPLICIT
1   None   IMPLICIT  EXPLICIT        NA         NA        NA
2   None   IMPLICIT  IMPLICIT  EXPLICIT   EXPLICIT  IMPLICIT
3   None   EXPLICIT  EXPLICIT  EXPLICIT   EXPLICIT  EXPLICIT
4   None   EXPLICIT  EXPLICIT  EXPLICIT   EXPLICIT  EXPLICIT
KAPPA:
         elin    lena   oscar     agg   model  mean_non_agg
elin   100.00   23.55   29.94   94.76   26.88         26.74
lena    23.55  100.00   29.56   31.08   37.35         26.55
oscar   29.94   29.56  100.00   36.24   31.69         29.75
agg     94.76   31.08   36.24  100.00   30.83         54.03
model   26.88   37.35   31.69   30.83  100.00         31.97

Annotators' mean kappa: 34.27
Model's mean kappa: 31.69
Diff in mean kappa: 2.58

ACCURACY:
         elin    lena   oscar     agg   model  mean_non_agg
elin   100.00   54.00   55.71   96.57   55.43         54.86
lena    54.00  100.00   62.57   57.43   72.57         58.29
oscar   55.71   62.57  100.00   59.14   62.86         59.14
agg     96.57   57.43   59.14  100.00   56.86         71.05
model   55.43   72.57   62.86   56.86  100.00         63.62

Annotators' mean accuracy: 60.83
Model's mean accuracy: 61.93
Diff in mean accuracy: -1.10

F1:
         elin    lena   oscar     agg   model  mean_non_agg
elin   100.00   46.40   53.85   96.51   49.81         50.13
lena    46.40  100.00   50.81   51.68   56.12         48.61
oscar   53.85   50.81  100.00   57.94   54.54         52.33
agg     96.51   51.68   57.94  100.00   52.10         68.71
model   49.81   56.12   54.54   52.10  100.00         53.49

Annotators' mean F1: 54.95
Model's mean F1: 53.14
Diff in mean F1: 1.80

Retrieving predictions...
Counter({'DESCRIPTIVE': 267, 'NA': 47, 'IDEAL': 36})
Evaluating predicitons...
  prompt   prediction    gold_elin    gold_lena   gold_oscar gold_agg
0   None  DESCRIPTIVE        IDEAL        IDEAL  DESCRIPTIVE    IDEAL
1   None  DESCRIPTIVE  DESCRIPTIVE           NA           NA       NA
2   None  DESCRIPTIVE        IDEAL  DESCRIPTIVE  DESCRIPTIVE    IDEAL
3   None        IDEAL        IDEAL        IDEAL        IDEAL    IDEAL
4   None  DESCRIPTIVE        IDEAL  DESCRIPTIVE  DESCRIPTIVE    IDEAL
KAPPA:
         elin    lena   oscar     agg   model  mean_non_agg
elin   100.00   34.47   48.82   97.26   38.90         41.64
lena    34.47  100.00   39.52   38.31   37.01         37.00
oscar   48.82   39.52  100.00   52.40   45.75         44.17
agg     97.26   38.31   52.40  100.00   38.86         62.66
model   38.90   37.01   45.75   38.86  100.00         40.55

Annotators' mean kappa: 46.37
Model's mean kappa: 40.13
Diff in mean kappa: 6.24

ACCURACY:
         elin    lena   oscar     agg   model  mean_non_agg
elin   100.00   62.57   70.57   98.29   66.00         66.57
lena    62.57  100.00   71.71   64.29   73.14         67.14
oscar   70.57   71.71  100.00   72.29   76.29         71.14
agg     98.29   64.29   72.29  100.00   65.43         78.29
model   66.00   73.14   76.29   65.43  100.00         71.81

Annotators' mean accuracy: 70.79
Model's mean accuracy: 70.21
Diff in mean accuracy: 0.57

F1:
         elin    lena   oscar     agg   model  mean_non_agg
elin   100.00   56.57   67.09   98.25   59.28         61.83
lena    56.57  100.00   59.31   58.93   59.61         57.94
oscar   67.09   59.31  100.00   69.40   65.39         63.20
agg     98.25   58.93   69.40  100.00   59.24         75.53
model   59.28   59.61   65.39   59.24  100.00         61.43

Annotators' mean F1: 64.62
Model's mean F1: 60.88
Diff in mean F1: 3.74

