{
 "cells": [
  {
   "cell_type": "code",
   "execution_count": 25,
   "metadata": {},
   "outputs": [],
   "source": [
    "import pandas as pd\n",
    "import os\n",
    "import sys\n",
    "path = '/Users/llupo/dev/pappa'\n",
    "if not path in sys.path :\n",
    "    sys.path.append(path)\n",
    "\n",
    "from lm_classifiers import LMClassifier\n",
    "from task_manager import TaskManager\n"
   ]
  },
  {
   "cell_type": "code",
   "execution_count": 16,
   "metadata": {},
   "outputs": [],
   "source": [
    "inpath1 = '../data/pappa/human_annotation/dim1.csv'\n",
    "inpath2 = '../data/pappa/human_annotation/dim2.csv'\n",
    "inpath3 = '../data/pappa/human_annotation/dim3.csv'\n",
    "\n",
    "\n",
    "df1 = pd.read_csv(inpath1, sep=';').fillna('NA')\n",
    "df2 = pd.read_csv(inpath2, sep=';').fillna('NA')\n",
    "df3 = pd.read_csv(inpath3, sep=';').fillna('NA')\n",
    "\n",
    "# compute the majority label from columns elin, lena, and oscar\n",
    "df1['majority'] = df1[['elin', 'lena', 'oscar']].mode(axis=1)[0]\n",
    "df2['majority'] = df2[['elin', 'lena', 'oscar']].mode(axis=1)[0]\n",
    "df3['majority'] = df3[['elin', 'lena', 'oscar']].mode(axis=1)[0]\n",
    "\n",
    "# save the majority labels\n",
    "outpath1 = '../tmp/pappa/dim1/annotators_majority/raw_predictions.txt'\n",
    "outpath2 = '../tmp/pappa/dim2/annotators_majority/raw_predictions.txt'\n",
    "outpath3 = '../tmp/pappa/dim3/annotators_majority/raw_predictions.txt'\n",
    "\n",
    "# create the output directory if it does not exist\n",
    "os.makedirs(os.path.dirname(outpath1), exist_ok=True)\n",
    "os.makedirs(os.path.dirname(outpath2), exist_ok=True)\n",
    "os.makedirs(os.path.dirname(outpath3), exist_ok=True)\n",
    "\n",
    "df1['majority'].to_csv(outpath1, index=False, header=False)\n",
    "df2['majority'].to_csv(outpath2, index=False, header=False)\n",
    "df3['majority'].to_csv(outpath3, index=False, header=False)"
   ]
  },
  {
   "cell_type": "code",
   "execution_count": 52,
   "metadata": {},
   "outputs": [
    {
     "name": "stdout",
     "output_type": "stream",
     "text": [
      "2023-09-19 20:39:28 [main] Working on ../tmp/pappa/dim1/annotators_majority\n",
      "2023-09-19 20:39:28 [main] Evaluation only. Loading raw predictions.\n",
      "2023-09-19 20:39:28 [main] Gold labels found. Evaluating predictions.\n",
      "2023-09-19 20:39:28 [lm_classifiers] Evaluating predictions...\n",
      "2023-09-19 20:39:28 [lm_classifiers] \n",
      "         prediction         gold_elin  ...        gold_oscar          gold_agg\n",
      "0           PASSIVE           PASSIVE  ...           PASSIVE           PASSIVE\n",
      "1                NA           PASSIVE  ...                NA                NA\n",
      "2  ACTIVE_POS_OTHER  ACTIVE_POS_OTHER  ...           PASSIVE  ACTIVE_POS_OTHER\n",
      "3  ACTIVE_POS_OTHER  ACTIVE_POS_OTHER  ...  ACTIVE_POS_OTHER  ACTIVE_POS_OTHER\n",
      "4           PASSIVE           PASSIVE  ...           PASSIVE           PASSIVE\n",
      "\n",
      "[5 rows x 5 columns]\n",
      "\n",
      "2023-09-19 20:39:28 [lm_classifiers] KAPPA:\n",
      "         elin    lena   oscar     agg   model  mean_non_agg\n",
      "elin   100.00   48.68   49.93   67.28   69.49         49.30\n",
      "lena    48.68  100.00   53.37   75.09   74.29         51.02\n",
      "oscar   49.93   53.37  100.00   78.19   76.62         51.65\n",
      "agg     67.28   75.09   78.19  100.00   96.95         73.52\n",
      "model   69.49   74.29   76.62   96.95  100.00         73.47\n",
      "\n",
      "2023-09-19 20:39:28 [lm_classifiers] Annotators' mean kappa: 56.37\n",
      "2023-09-19 20:39:28 [lm_classifiers] Model's mean kappa: 79.34\n",
      "2023-09-19 20:39:28 [lm_classifiers] ACCURACY:\n",
      "         elin    lena   oscar     agg   model  mean_non_agg\n",
      "elin   100.00   60.86   61.71   74.86   76.57         61.29\n",
      "lena    60.86  100.00   66.86   81.71   81.14         63.86\n",
      "oscar   61.71   66.86  100.00   84.00   82.86         64.29\n",
      "agg     74.86   81.71   84.00  100.00   97.71         80.19\n",
      "model   76.57   81.14   82.86   97.71  100.00         80.19\n",
      "\n",
      "2023-09-19 20:39:28 [lm_classifiers] Annotators' mean accuracy: 67.40\n",
      "2023-09-19 20:39:28 [lm_classifiers] Model's mean accuracy: 84.57\n",
      "2023-09-19 20:39:28 [lm_classifiers] F1:\n",
      "         elin    lena   oscar     agg   model  mean_non_agg\n",
      "elin   100.00   57.28   57.15   68.85   71.31         57.22\n",
      "lena    57.28  100.00   57.93   77.13   74.55         57.60\n",
      "oscar   57.15   57.93  100.00   81.33   80.81         57.54\n",
      "agg     68.85   77.13   81.33  100.00   94.65         75.77\n",
      "model   71.31   74.55   80.81   94.65  100.00         75.56\n",
      "\n",
      "2023-09-19 20:39:28 [lm_classifiers] Annotators' mean F1: 62.03\n",
      "2023-09-19 20:39:28 [lm_classifiers] Model's mean F1: 80.33\n",
      "2023-09-19 20:39:28 [main] Done!\n"
     ]
    }
   ],
   "source": [
    "# compute the performance of the majority label on dim1\n",
    "!python ../main.py \\\n",
    "    --data_file ../data/pappa/human_annotation/dim1.csv \\\n",
    "    --instruction annotators \\\n",
    "    --task_file ../tasks/pappa/dim1.json \\\n",
    "    --prompt_suffix \"\\\\nLabel:\" \\\n",
    "    --model_name majority \\\n",
    "    --max_len_model 512 \\\n",
    "    --output_dir ../tmp/pappa/dim1 \\\n",
    "    --evaluation_only True \\\n",
    "    --log_to_file False \\\n",
    "    --raw_predictions_good True"
   ]
  },
  {
   "cell_type": "code",
   "execution_count": 53,
   "metadata": {},
   "outputs": [
    {
     "name": "stdout",
     "output_type": "stream",
     "text": [
      "2023-09-20 10:30:22 [main] Working on ../tmp/pappa/dim2/annotators_majority\n",
      "2023-09-20 10:30:22 [main] Evaluation only. Loading raw predictions.\n",
      "2023-09-20 10:30:22 [main] Gold labels found. Evaluating predictions.\n",
      "2023-09-20 10:30:22 [lm_classifiers] Evaluating predictions...\n",
      "2023-09-20 10:30:22 [lm_classifiers] \n",
      "  prediction gold_elin gold_lena gold_oscar  gold_agg\n",
      "0   EXPLICIT  EXPLICIT  EXPLICIT   EXPLICIT  EXPLICIT\n",
      "1         NA  EXPLICIT        NA         NA        NA\n",
      "2   EXPLICIT  IMPLICIT  EXPLICIT   EXPLICIT  IMPLICIT\n",
      "3   EXPLICIT  EXPLICIT  EXPLICIT   EXPLICIT  EXPLICIT\n",
      "4   EXPLICIT  EXPLICIT  EXPLICIT   EXPLICIT  EXPLICIT\n",
      "\n",
      "2023-09-20 10:30:23 [lm_classifiers] KAPPA:\n",
      "         elin    lena   oscar     agg   model  mean_non_agg\n",
      "elin   100.00   23.55   29.94   94.76   54.07         26.74\n",
      "lena    23.55  100.00   29.56   31.08   59.72         26.55\n",
      "oscar   29.94   29.56  100.00   36.24   65.26         29.75\n",
      "agg     94.76   31.08   36.24  100.00   60.44         54.03\n",
      "model   54.07   59.72   65.26   60.44  100.00         59.68\n",
      "\n",
      "2023-09-20 10:30:23 [lm_classifiers] Annotators' mean kappa: 34.27\n",
      "2023-09-20 10:30:23 [lm_classifiers] Model's mean kappa: 59.87\n",
      "2023-09-20 10:30:23 [lm_classifiers] ACCURACY:\n",
      "         elin    lena   oscar     agg   model  mean_non_agg\n",
      "elin   100.00   54.00   55.71   96.57   71.71         54.86\n",
      "lena    54.00  100.00   62.57   57.43   81.43         58.29\n",
      "oscar   55.71   62.57  100.00   59.14   80.57         59.14\n",
      "agg     96.57   57.43   59.14  100.00   75.14         71.05\n",
      "model   71.71   81.43   80.57   75.14  100.00         77.90\n",
      "\n",
      "2023-09-20 10:30:23 [lm_classifiers] Annotators' mean accuracy: 60.83\n",
      "2023-09-20 10:30:23 [lm_classifiers] Model's mean accuracy: 77.21\n",
      "2023-09-20 10:30:23 [lm_classifiers] F1:\n",
      "         elin    lena   oscar     agg   model  mean_non_agg\n",
      "elin   100.00   46.40   53.85   96.51   70.09         50.13\n",
      "lena    46.40  100.00   50.81   51.68   71.28         48.61\n",
      "oscar   53.85   50.81  100.00   57.94   76.86         52.33\n",
      "agg     96.51   51.68   57.94  100.00   74.38         68.71\n",
      "model   70.09   71.28   76.86   74.38  100.00         72.75\n",
      "\n",
      "2023-09-20 10:30:23 [lm_classifiers] Annotators' mean F1: 54.95\n",
      "2023-09-20 10:30:23 [lm_classifiers] Model's mean F1: 73.15\n",
      "2023-09-20 10:30:23 [main] Done!\n"
     ]
    }
   ],
   "source": [
    "# compute the performance of the majority label on dim2\n",
    "!python ../main.py \\\n",
    "    --data_file ../data/pappa/human_annotation/dim2.csv \\\n",
    "    --instruction annotators \\\n",
    "    --task_file ../tasks/pappa/dim2.json \\\n",
    "    --prompt_suffix \"\\\\nLabel:\" \\\n",
    "    --model_name majority \\\n",
    "    --max_len_model 512 \\\n",
    "    --output_dir ../tmp/pappa/dim2 \\\n",
    "    --evaluation_only True \\\n",
    "    --log_to_file False \\\n",
    "    --raw_predictions_good True\n"
   ]
  },
  {
   "cell_type": "code",
   "execution_count": 54,
   "metadata": {},
   "outputs": [
    {
     "name": "stdout",
     "output_type": "stream",
     "text": [
      "2023-09-20 10:32:20 [main] Working on ../tmp/pappa/dim3/annotators_majority\n",
      "2023-09-20 10:32:20 [main] Evaluation only. Loading raw predictions.\n",
      "2023-09-20 10:32:20 [main] Gold labels found. Evaluating predictions.\n",
      "2023-09-20 10:32:20 [lm_classifiers] Evaluating predictions...\n",
      "2023-09-20 10:32:20 [lm_classifiers] \n",
      "    prediction    gold_elin    gold_lena   gold_oscar gold_agg\n",
      "0        IDEAL        IDEAL        IDEAL  DESCRIPTIVE    IDEAL\n",
      "1           NA  DESCRIPTIVE           NA           NA       NA\n",
      "2  DESCRIPTIVE        IDEAL  DESCRIPTIVE  DESCRIPTIVE    IDEAL\n",
      "3        IDEAL        IDEAL        IDEAL        IDEAL    IDEAL\n",
      "4  DESCRIPTIVE        IDEAL  DESCRIPTIVE  DESCRIPTIVE    IDEAL\n",
      "\n",
      "2023-09-20 10:32:20 [lm_classifiers] KAPPA:\n",
      "         elin    lena   oscar     agg   model  mean_non_agg\n",
      "elin   100.00   34.47   48.82   97.26   66.04         41.64\n",
      "lena    34.47  100.00   39.52   38.31   60.64         37.00\n",
      "oscar   48.82   39.52  100.00   52.40   79.48         44.17\n",
      "agg     97.26   38.31   52.40  100.00   69.36         62.66\n",
      "model   66.04   60.64   79.48   69.36  100.00         68.72\n",
      "\n",
      "2023-09-20 10:32:20 [lm_classifiers] Annotators' mean kappa: 46.37\n",
      "2023-09-20 10:32:20 [lm_classifiers] Model's mean kappa: 68.88\n",
      "2023-09-20 10:32:20 [lm_classifiers] ACCURACY:\n",
      "         elin    lena   oscar     agg   model  mean_non_agg\n",
      "elin   100.00   62.57   70.57   98.29   80.29         66.57\n",
      "lena    62.57  100.00   71.71   64.29   81.14         67.14\n",
      "oscar   70.57   71.71  100.00   72.29   90.00         71.14\n",
      "agg     98.29   64.29   72.29  100.00   82.00         78.29\n",
      "model   80.29   81.14   90.00   82.00  100.00         83.81\n",
      "\n",
      "2023-09-20 10:32:20 [lm_classifiers] Annotators' mean accuracy: 70.79\n",
      "2023-09-20 10:32:20 [lm_classifiers] Model's mean accuracy: 83.36\n",
      "2023-09-20 10:32:20 [lm_classifiers] F1:\n",
      "         elin    lena   oscar     agg   model  mean_non_agg\n",
      "elin   100.00   56.57   67.09   98.25   78.69         61.83\n",
      "lena    56.57  100.00   59.31   58.93   74.07         57.94\n",
      "oscar   67.09   59.31  100.00   69.40   86.49         63.20\n",
      "agg     98.25   58.93   69.40  100.00   80.84         75.53\n",
      "model   78.69   74.07   86.49   80.84  100.00         79.75\n",
      "\n",
      "2023-09-20 10:32:20 [lm_classifiers] Annotators' mean F1: 64.62\n",
      "2023-09-20 10:32:20 [lm_classifiers] Model's mean F1: 80.02\n",
      "2023-09-20 10:32:20 [main] Done!\n"
     ]
    }
   ],
   "source": [
    "# compute the performance of the majority label on dim3\n",
    "!python ../main.py \\\n",
    "    --data_file ../data/pappa/human_annotation/dim3.csv \\\n",
    "    --instruction annotators \\\n",
    "    --task_file ../tasks/pappa/dim3.json \\\n",
    "    --prompt_suffix \"\\\\nLabel:\" \\\n",
    "    --model_name majority \\\n",
    "    --max_len_model 512 \\\n",
    "    --output_dir ../tmp/pappa/dim3 \\\n",
    "    --evaluation_only True \\\n",
    "    --log_to_file False \\\n",
    "    --raw_predictions_good True\n"
   ]
  },
  {
   "cell_type": "code",
   "execution_count": null,
   "metadata": {},
   "outputs": [],
   "source": []
  }
 ],
 "metadata": {
  "kernelspec": {
   "display_name": "mentalenv",
   "language": "python",
   "name": "python3"
  },
  "language_info": {
   "codemirror_mode": {
    "name": "ipython",
    "version": 3
   },
   "file_extension": ".py",
   "mimetype": "text/x-python",
   "name": "python",
   "nbconvert_exporter": "python",
   "pygments_lexer": "ipython3",
   "version": "3.10.8"
  },
  "orig_nbformat": 4
 },
 "nbformat": 4,
 "nbformat_minor": 2
}
