Classify the swedish text according to how it describes the role of the father in the family.
Possible labels are: 
-passive: fathers who are not actively involved in hands-on care and upbringing of the child;
-active_negative: fathers exhibiting harmful behaviours like aggression, violence, or neglect;
-active_positive_caring: fathers providing care, warmth, empathy, and support;
-active_positive_challenging: fathers encouraging risk-taking, growth, and educational activities;
-active_positive_other: fathers displaying competence, responsibility, trustworthiness, etc., without specifying a specific role;
-not_applicable: not applicable.

Text: man kan samtidigt disku- tera om det är lämpligt att surrogatmodern och den tilltänkta fadern gemensamt blir rättsliga föräldrar till ett barn , och att det förhåll- andet kan bli bestående om surrogatmodern väljer att inte avsäga sig föräldraskapet . 
Role:
Processed 100 sentences
Processed 200 sentences
Processed 300 sentences
Counter({'Not Applicable': 190, 'not_applicable': 63, 'active_positive_other': 50, 'active_positive_caring': 16, 'active_negative': 10, 'active_positive_challenging': 7, 'Not Applicable.': 5, 'Active_positive_other': 3, 'passive': 3, 'Active_Negative': 1, 'active_positive_caring.': 1, 'Active_Positive_Caring': 1})
Counter({None: 196, 'NA': 63, 'ACTIVE_POS_OTHER': 53, 'ACTIVE_POS_CARING': 17, 'ACTIVE_NEG': 11, 'ACTIVE_POS_CHALLENGING': 7, 'PASSIVE': 3})
KAPPA:
         elin    lena   oscar     agg   model  mean_non_agg
elin   100.00   48.68   49.93   67.28   11.55         49.30
lena    48.68  100.00   53.37   75.09    9.89         51.02
oscar   49.93   53.37  100.00   78.19   12.05         51.65
agg     67.28   75.09   78.19  100.00   11.80         73.52
model   11.55    9.89   12.05   11.80  100.00         11.16

Annotators' mean kappa: 56.37
Model's mean kappa: 11.32
Diff in mean kappa: 45.05

ACCURACY:
         elin    lena   oscar     agg   model  mean_non_agg
elin   100.00   60.86   61.71   74.86   16.00         61.29
lena    60.86  100.00   66.86   81.71   13.71         63.86
oscar   61.71   66.86  100.00   84.00   15.43         64.29
agg     74.86   81.71   84.00  100.00   15.71         80.19
model   16.00   13.71   15.43   15.71  100.00         15.05

Annotators' mean accuracy: 67.40
Model's mean accuracy: 15.21
Diff in mean accuracy: 52.19

F1:
         elin    lena   oscar     agg   model  mean_non_agg
elin   100.00   57.28   57.15   68.85   19.11         57.22
lena    57.28  100.00   57.93   77.13   17.25         57.60
oscar   57.15   57.93  100.00   81.33   20.39         57.54
agg     68.85   77.13   81.33  100.00   18.29         75.77
model   19.11   17.25   20.39   18.29  100.00         18.92

Annotators' mean F1: 62.03
Model's mean F1: 18.76
Diff in mean F1: 43.27
