Label the Swedish text according to how it describes the role of the father in the family.
Possible labels are: 
-implicit
-explicit
-not_applicable

Text:  man kan samtidigt disku- tera om det är lämpligt att surrogatmodern och den tilltänkta fadern gemensamt blir rättsliga föräldrar till ett barn , och att det förhåll- andet kan bli bestående om surrogatmodern väljer att inte avsäga sig föräldraskapet . 
Label: 
Prompt n.6 was too long, so we removed words from it. Approx original length: 13528, approx new length: 4142
Processed 20 sentences
Processed 40 sentences
Processed 60 sentences
Processed 80 sentences
Processed 100 sentences
Processed 120 sentences
Processed 140 sentences
Processed 160 sentences
Processed 180 sentences
Processed 200 sentences
Processed 220 sentences
Processed 240 sentences
Processed 260 sentences
Processed 280 sentences
Processed 300 sentences
Processed 320 sentences
Processed 340 sentences
Counter({'not_applicable': 216, 'explicit': 114, 'implicit': 18, '-implicit': 1, 'Explicit': 1})
Retrieving predictions...
Counter({'NA': 216, 'EXPLICIT': 115, 'IMPLICIT': 19})
Evaluating predicitons...
                                              prompt prediction gold_elin gold_lena gold_oscar  gold_agg
0  Label the Swedish text according to how it des...         NA  EXPLICIT  EXPLICIT   EXPLICIT  EXPLICIT
1  Label the Swedish text according to how it des...         NA  EXPLICIT        NA         NA        NA
2  Label the Swedish text according to how it des...         NA  IMPLICIT  EXPLICIT   EXPLICIT  IMPLICIT
3  Label the Swedish text according to how it des...         NA  EXPLICIT  EXPLICIT   EXPLICIT  EXPLICIT
4  Label the Swedish text according to how it des...   EXPLICIT  EXPLICIT  EXPLICIT   EXPLICIT  EXPLICIT
KAPPA:
         elin    lena   oscar     agg   model  mean_non_agg
elin   100.00   23.55   29.94   94.76   17.05         26.74
lena    23.55  100.00   29.56   31.08   13.79         26.55
oscar   29.94   29.56  100.00   36.24   13.13         29.75
agg     94.76   31.08   36.24  100.00   18.64         54.03
model   17.05   13.79   13.13   18.64  100.00         14.66

Annotators' mean kappa: 34.27
Model's mean kappa: 15.65
Diff in mean kappa: 18.62

ACCURACY:
         elin    lena   oscar     agg   model  mean_non_agg
elin   100.00   54.00   55.71   96.57   44.57         54.86
lena    54.00  100.00   62.57   57.43   44.00         58.29
oscar   55.71   62.57  100.00   59.14   39.71         59.14
agg     96.57   57.43   59.14  100.00   45.71         71.05
model   44.57   44.00   39.71   45.71  100.00         42.76

Annotators' mean accuracy: 60.83
Model's mean accuracy: 43.50
Diff in mean accuracy: 17.33

F1:
         elin    lena   oscar     agg   model  mean_non_agg
elin   100.00   46.40   53.85   96.51   37.44         50.13
lena    46.40  100.00   50.81   51.68   32.77         48.61
oscar   53.85   50.81  100.00   57.94   33.96         52.33
agg     96.51   51.68   57.94  100.00   38.75         68.71
model   37.44   32.77   33.96   38.75  100.00         34.72

Annotators' mean F1: 54.95
Model's mean F1: 35.73
Diff in mean F1: 19.22

