Label the Swedish text according to how it describes the role of the father in the family.
Possible labels are: 
-passive: fathers who are not actively involved in hands-on care and upbringing of the child;
-active_negative: fathers exhibiting harmful behaviours like aggression, violence, or neglect;
-active_positive_caring: fathers providing care, warmth, empathy, and support;
-active_positive_challenging: fathers encouraging risk-taking, growth, and educational activities;
-active_positive_other: fathers displaying competence, responsibility, trustworthiness, etc., without specifying a specific role;
-not_applicable: not applicable.

Text:  man kan samtidigt disku- tera om det är lämpligt att surrogatmodern och den tilltänkta fadern gemensamt blir rättsliga föräldrar till ett barn , och att det förhåll- andet kan bli bestående om surrogatmodern väljer att inte avsäga sig föräldraskapet . 
Label: 
Prompt n.6 was too long, so we removed words from it. Approx original length: 13695, approx new length: 4237
Processed 20 sentences
Processed 40 sentences
Processed 60 sentences
Processed 80 sentences
Processed 100 sentences
Processed 120 sentences
Processed 140 sentences
Processed 160 sentences
Processed 180 sentences
Processed 200 sentences
Processed 220 sentences
Processed 240 sentences
Processed 260 sentences
Processed 280 sentences
Processed 300 sentences
Processed 320 sentences
Processed 340 sentences
Counter({'not_applicable': 231, 'active_positive_other': 79, 'active_positive_caring': 15, 'active_negative': 14, 'active_positive_challenging': 3, 'Not Applicable': 3, 'passive': 3, 'Not applicable': 1, '-active_positive_other: fathers displaying competence, responsibility, trust': 1})
Retrieving predictions...
Counter({'NA': 235, 'ACTIVE_POS_OTHER': 80, 'ACTIVE_POS_CARING': 15, 'ACTIVE_NEG': 14, 'ACTIVE_POS_CHALLENGING': 3, 'PASSIVE': 3})
                                              prompt        prediction    gold_gold_elin    gold_gold_lena   gold_gold_oscar     gold_gold_agg
0  Label the Swedish text according to how it des...  ACTIVE_POS_OTHER           PASSIVE           PASSIVE           PASSIVE           PASSIVE
1  Label the Swedish text according to how it des...                NA           PASSIVE               NaN               NaN               NaN
2  Label the Swedish text according to how it des...                NA  ACTIVE_POS_OTHER  ACTIVE_POS_OTHER           PASSIVE  ACTIVE_POS_OTHER
3  Label the Swedish text according to how it des...                NA  ACTIVE_POS_OTHER  ACTIVE_POS_OTHER  ACTIVE_POS_OTHER  ACTIVE_POS_OTHER
4  Label the Swedish text according to how it des...                NA           PASSIVE           PASSIVE           PASSIVE           PASSIVE
KAPPA:
         elin    lena   oscar     agg   model  mean_non_agg
elin   100.00   48.68   49.93   67.28   12.85         49.30
lena    48.68  100.00   53.37   75.09   11.58         51.02
oscar   49.93   53.37  100.00   78.19   13.42         51.65
agg     67.28   75.09   78.19  100.00   13.78         73.52
model   12.85   11.58   13.42   13.78  100.00         12.62

Annotators' mean kappa: 56.37
Model's mean kappa: 12.91
Diff in mean kappa: 43.47

ACCURACY:
         elin    lena   oscar     agg   model  mean_non_agg
elin   100.00   60.86   61.71   74.86   19.14         61.29
lena    60.86  100.00   66.86   81.71   16.86         63.86
oscar   61.71   66.86  100.00   84.00   18.00         64.29
agg     74.86   81.71   84.00  100.00   19.14         80.19
model   19.14   16.86   18.00   19.14  100.00         18.00

Annotators' mean accuracy: 67.40
Model's mean accuracy: 18.29
Diff in mean accuracy: 49.12

F1:
         elin    lena   oscar     agg   model  mean_non_agg
elin   100.00   57.28   57.15   68.85   24.41         57.22
lena    57.28  100.00   57.93   77.13   21.29         57.60
oscar   57.15   57.93  100.00   81.33   24.57         57.54
agg     68.85   77.13   81.33  100.00   22.58         75.77
model   24.41   21.29   24.57   22.58  100.00         23.42

Annotators' mean F1: 62.03
Model's mean F1: 23.21
Diff in mean F1: 38.82
Retrieving predictions...
Counter({'NA': 235, 'ACTIVE_POS_OTHER': 80, 'ACTIVE_POS_CARING': 15, 'ACTIVE_NEG': 14, 'ACTIVE_POS_CHALLENGING': 3, 'PASSIVE': 3})
Evaluating predicitons...
  prompt        prediction         gold_elin         gold_lena        gold_oscar          gold_agg
0   None  ACTIVE_POS_OTHER           PASSIVE           PASSIVE           PASSIVE           PASSIVE
1   None                NA           PASSIVE                NA                NA                NA
2   None                NA  ACTIVE_POS_OTHER  ACTIVE_POS_OTHER           PASSIVE  ACTIVE_POS_OTHER
3   None                NA  ACTIVE_POS_OTHER  ACTIVE_POS_OTHER  ACTIVE_POS_OTHER  ACTIVE_POS_OTHER
4   None                NA           PASSIVE           PASSIVE           PASSIVE           PASSIVE
KAPPA:
         elin    lena   oscar     agg   model  mean_non_agg
elin   100.00   48.68   49.93   67.28   24.70         49.30
lena    48.68  100.00   53.37   75.09   17.33         51.02
oscar   49.93   53.37  100.00   78.19   20.65         51.65
agg     67.28   75.09   78.19  100.00   21.80         73.52
model   24.70   17.33   20.65   21.80  100.00         20.89

Annotators' mean kappa: 56.37
Model's mean kappa: 21.12
Diff in mean kappa: 35.25

ACCURACY:
         elin    lena   oscar     agg   model  mean_non_agg
elin   100.00   60.86   61.71   74.86   43.71         61.29
lena    60.86  100.00   66.86   81.71   31.14         63.86
oscar   61.71   66.86  100.00   84.00   34.29         64.29
agg     74.86   81.71   84.00  100.00   36.57         80.19
model   43.71   31.14   34.29   36.57  100.00         36.38

Annotators' mean accuracy: 67.40
Model's mean accuracy: 36.43
Diff in mean accuracy: 30.98

F1:
         elin    lena   oscar     agg   model  mean_non_agg
elin   100.00   57.28   57.15   68.85   37.19         57.22
lena    57.28  100.00   57.93   77.13   30.57         57.60
oscar   57.15   57.93  100.00   81.33   35.06         57.54
agg     68.85   77.13   81.33  100.00   33.10         75.77
model   37.19   30.57   35.06   33.10  100.00         34.27

Annotators' mean F1: 62.03
Model's mean F1: 33.98
Diff in mean F1: 28.05
Retrieving predictions...
Counter({'NA': 235, 'ACTIVE_POS_OTHER': 80, 'ACTIVE_POS_CARING': 15, 'ACTIVE_NEG': 14, 'ACTIVE_POS_CHALLENGING': 3, 'PASSIVE': 3})
Evaluating predicitons...
  prompt        prediction         gold_elin         gold_lena        gold_oscar          gold_agg
0   None  ACTIVE_POS_OTHER           PASSIVE           PASSIVE           PASSIVE           PASSIVE
1   None                NA           PASSIVE                NA                NA                NA
2   None                NA  ACTIVE_POS_OTHER  ACTIVE_POS_OTHER           PASSIVE  ACTIVE_POS_OTHER
3   None                NA  ACTIVE_POS_OTHER  ACTIVE_POS_OTHER  ACTIVE_POS_OTHER  ACTIVE_POS_OTHER
4   None                NA           PASSIVE           PASSIVE           PASSIVE           PASSIVE
KAPPA:
         elin    lena   oscar     agg   model  mean_non_agg
elin   100.00   48.68   49.93   67.28   24.70         49.30
lena    48.68  100.00   53.37   75.09   17.33         51.02
oscar   49.93   53.37  100.00   78.19   20.65         51.65
agg     67.28   75.09   78.19  100.00   21.80         73.52
model   24.70   17.33   20.65   21.80  100.00         20.89

Annotators' mean kappa: 56.37
Model's mean kappa: 21.12
Diff in mean kappa: 35.25

ACCURACY:
         elin    lena   oscar     agg   model  mean_non_agg
elin   100.00   60.86   61.71   74.86   43.71         61.29
lena    60.86  100.00   66.86   81.71   31.14         63.86
oscar   61.71   66.86  100.00   84.00   34.29         64.29
agg     74.86   81.71   84.00  100.00   36.57         80.19
model   43.71   31.14   34.29   36.57  100.00         36.38

Annotators' mean accuracy: 67.40
Model's mean accuracy: 36.43
Diff in mean accuracy: 30.98

F1:
         elin    lena   oscar     agg   model  mean_non_agg
elin   100.00   57.28   57.15   68.85   37.19         57.22
lena    57.28  100.00   57.93   77.13   30.57         57.60
oscar   57.15   57.93  100.00   81.33   35.06         57.54
agg     68.85   77.13   81.33  100.00   33.10         75.77
model   37.19   30.57   35.06   33.10  100.00         34.27

Annotators' mean F1: 62.03
Model's mean F1: 33.98
Diff in mean F1: 28.05
Retrieving predictions...
Counter({'NA': 235, 'ACTIVE_POS_OTHER': 80, 'ACTIVE_POS_CARING': 15, 'ACTIVE_NEG': 14, 'ACTIVE_POS_CHALLENGING': 3, 'PASSIVE': 3})
Evaluating predicitons...
  prompt        prediction         gold_elin         gold_lena        gold_oscar          gold_agg
0   None  ACTIVE_POS_OTHER           PASSIVE           PASSIVE           PASSIVE           PASSIVE
1   None                NA           PASSIVE                NA                NA                NA
2   None                NA  ACTIVE_POS_OTHER  ACTIVE_POS_OTHER           PASSIVE  ACTIVE_POS_OTHER
3   None                NA  ACTIVE_POS_OTHER  ACTIVE_POS_OTHER  ACTIVE_POS_OTHER  ACTIVE_POS_OTHER
4   None                NA           PASSIVE           PASSIVE           PASSIVE           PASSIVE
KAPPA:
         elin    lena   oscar     agg   model  mean_non_agg
elin   100.00   48.68   49.93   67.28   24.70         49.30
lena    48.68  100.00   53.37   75.09   17.33         51.02
oscar   49.93   53.37  100.00   78.19   20.65         51.65
agg     67.28   75.09   78.19  100.00   21.80         73.52
model   24.70   17.33   20.65   21.80  100.00         20.89

Annotators' mean kappa: 56.37
Model's mean kappa: 21.12
Diff in mean kappa: 35.25

ACCURACY:
         elin    lena   oscar     agg   model  mean_non_agg
elin   100.00   60.86   61.71   74.86   43.71         61.29
lena    60.86  100.00   66.86   81.71   31.14         63.86
oscar   61.71   66.86  100.00   84.00   34.29         64.29
agg     74.86   81.71   84.00  100.00   36.57         80.19
model   43.71   31.14   34.29   36.57  100.00         36.38

Annotators' mean accuracy: 67.40
Model's mean accuracy: 36.43
Diff in mean accuracy: 30.98

F1:
         elin    lena   oscar     agg   model  mean_non_agg
elin   100.00   57.28   57.15   68.85   37.19         57.22
lena    57.28  100.00   57.93   77.13   30.57         57.60
oscar   57.15   57.93  100.00   81.33   35.06         57.54
agg     68.85   77.13   81.33  100.00   33.10         75.77
model   37.19   30.57   35.06   33.10  100.00         34.27

Annotators' mean F1: 62.03
Model's mean F1: 33.98
Diff in mean F1: 28.05

